level,M,N,seed,completionPct
4,14,6,1000535603,1.00
4,14,6,1000720779,1.00
4,14,6,100216697,1.00
4,14,6,1004071431,1.00
4,14,6,1005758474,1.00
4,14,6,1008047005,1.00
4,14,6,1010202339,1.00
4,14,6,1012106734,1.00
4,14,6,101509996,1.00
4,14,6,1016667673,1.00
4,14,6,1016912099,1.00
4,14,6,1021791104,1.00
4,14,6,1022583277,1.00
4,14,6,1034863911,1.00
4,14,6,1034879352,1.00
4,14,6,1051691778,1.00
4,14,6,1051804867,1.00
4,14,6,1052698427,1.00
4,14,6,1058496508,1.00
4,14,6,1058622478,1.00
4,14,6,1063517319,1.00
4,14,6,1069201345,1.00
4,14,6,1077426309,1.00
4,14,6,1079267983,1.00
4,14,6,1082219467,1.00
4,14,6,1084224898,1.00
4,14,6,1094235124,1.00
4,14,6,1094718250,1.00
4,14,6,1096228115,1.00
4,14,6,1096611887,1.00
4,14,6,111155642,1.00
4,14,6,1118348014,1.00
4,14,6,1122721646,1.00
4,14,6,1132527312,1.00
4,14,6,1142572297,1.00
4,14,6,114755728,1.00
4,14,6,1152004463,1.00
4,14,6,1153038499,1.00
4,14,6,1156402266,1.00
4,14,6,1165499346,1.00
4,14,6,116946143,1.00
4,14,6,1175442267,1.00
4,14,6,117670319,1.00
4,14,6,1180590821,1.00
4,14,6,1185218584,1.00
4,14,6,1186280725,1.00
4,14,6,1200798902,1.00
4,14,6,120131558,1.00
4,14,6,1204922012,1.00
4,14,6,1206685014,1.00
4,14,6,1208720042,1.00
4,14,6,1210187630,1.00
4,14,6,1219645715,1.00
4,14,6,1220839627,1.00
4,14,6,1222145457,1.00
4,14,6,1222786603,1.00
4,14,6,1224151692,1.00
4,14,6,1225099763,1.00
4,14,6,1225864703,1.00
4,14,6,1227387314,1.00
4,14,6,1229181006,1.00
4,14,6,1232725829,1.00
4,14,6,1233712948,1.00
4,14,6,1233855121,1.00
4,14,6,1241467071,1.00
4,14,6,1243889219,1.00
4,14,6,1247997204,1.00
4,14,6,1250949407,1.00
4,14,6,1253604555,1.00
4,14,6,1258849587,1.00
4,14,6,1261228602,1.00
4,14,6,1265394192,1.00
4,14,6,1268841353,1.00
4,14,6,1269427024,1.00
4,14,6,1273523651,1.00
4,14,6,1276219746,1.00
4,14,6,1277696353,1.00
4,14,6,1278338309,1.00
4,14,6,127945544,1.00
4,14,6,1300368019,1.00
4,14,6,1301289640,1.00
4,14,6,1303269382,1.00
4,14,6,1305319526,1.00
4,14,6,131609750,1.00
4,14,6,1318371501,1.00
4,14,6,1322803391,1.00
4,14,6,1334568500,1.00
4,14,6,1334603958,1.00
4,14,6,1347925263,1.00
4,14,6,1355927108,1.00
4,14,6,1355979418,1.00
4,14,6,1359032259,1.00
4,14,6,1363296388,1.00
4,14,6,1363443376,1.00
4,14,6,1370705225,1.00
4,14,6,1376464650,1.00
4,14,6,1383225355,1.00
4,14,6,1386253184,1.00
4,14,6,138898637,1.00
4,14,6,1403164634,1.00
4,14,6,1413432733,1.00
4,14,6,1415463780,1.00
4,14,6,1418379375,1.00
4,14,6,1420766733,1.00
4,14,6,1421096878,1.00
4,14,6,1422249684,1.00
4,14,6,1427364027,1.00
4,14,6,1430475521,1.00
4,14,6,1437905513,1.00
4,14,6,1438529058,1.00
4,14,6,1470858451,1.00
4,14,6,1472766090,1.00
4,14,6,1474176159,1.00
4,14,6,1475107872,1.00
4,14,6,1475611905,1.00
4,14,6,1486088851,1.00
4,14,6,1486360682,1.00
4,14,6,1488742739,1.00
4,14,6,1493923365,1.00
4,14,6,1494667164,1.00
4,14,6,150011083,1.00
4,14,6,1503864969,1.00
4,14,6,1504520835,1.00
4,14,6,1507305742,1.00
4,14,6,1508606115,1.00
4,14,6,1511639906,1.00
4,14,6,1515240082,1.00
4,14,6,1524761392,1.00
4,14,6,153173852,1.00
4,14,6,1535133711,1.00
4,14,6,1537337908,1.00
4,14,6,1537526228,1.00
4,14,6,1538270118,1.00
4,14,6,1541119050,1.00
4,14,6,1550556451,1.00
4,14,6,1553391653,1.00
4,14,6,1561419441,1.00
4,14,6,1562099563,1.00
4,14,6,156787708,1.00
4,14,6,1569978515,1.00
4,14,6,1574753299,1.00
4,14,6,1578220431,1.00
4,14,6,1578223945,1.00
4,14,6,1579687697,1.00
4,14,6,1581463101,1.00
4,14,6,1581721368,1.00
4,14,6,1583593581,1.00
4,14,6,1588525756,1.00
4,14,6,1591691987,1.00
4,14,6,159510796,1.00
4,14,6,1595791238,1.00
4,14,6,1608726739,1.00
4,14,6,1612437733,1.00
4,14,6,1615782146,1.00
4,14,6,1624007357,1.00
4,14,6,163022100,1.00
4,14,6,1645159538,1.00
4,14,6,1646556897,1.00
4,14,6,1652250763,1.00
4,14,6,1652816741,1.00
4,14,6,1666066739,1.00
4,14,6,1676767081,1.00
4,14,6,1687840033,1.00
4,14,6,1691920938,1.00
4,14,6,1692198998,1.00
4,14,6,16956936,1.00
4,14,6,1702547563,1.00
4,14,6,1703116999,1.00
4,14,6,1707978915,1.00
4,14,6,1708356592,1.00
4,14,6,1716401921,1.00
4,14,6,1726177224,1.00
4,14,6,1729218837,1.00
4,14,6,173864319,1.00
4,14,6,174793935,1.00
4,14,6,1748553751,1.00
4,14,6,1754325764,1.00
4,14,6,1755197486,1.00
4,14,6,1755228373,1.00
4,14,6,1756444110,1.00
4,14,6,1756559124,1.00
4,14,6,1759917278,1.00
4,14,6,1763167890,1.00
4,14,6,1770108300,1.00
4,14,6,1771399009,1.00
4,14,6,177285371,1.00
4,14,6,1772913134,1.00
4,14,6,1776498061,1.00
4,14,6,1776965675,1.00
4,14,6,1778618628,1.00
4,14,6,1778974453,1.00
4,14,6,1783386345,1.00
4,14,6,1784553935,1.00
4,14,6,1788718496,1.00
4,14,6,1791099442,1.00
4,14,6,179167573,1.00
4,14,6,1794010723,1.00
4,14,6,1801329082,1.00
4,14,6,1803919842,1.00
4,14,6,1807767098,1.00
4,14,6,1811584348,1.00
4,14,6,1811681082,1.00
4,14,6,1819041484,1.00
4,14,6,1819919217,1.00
4,14,6,1824231608,1.00
4,14,6,1831896411,1.00
4,14,6,1835208927,1.00
4,14,6,1835708147,1.00
4,14,6,1839967829,1.00
4,14,6,1844399748,1.00
4,14,6,1846330839,1.00
4,14,6,1849363735,1.00
4,14,6,1850466181,1.00
4,14,6,1850597367,1.00
4,14,6,1858781334,1.00
4,14,6,1859801831,1.00
4,14,6,1863507351,1.00
4,14,6,1865589499,1.00
4,14,6,1868875271,1.00
4,14,6,1875709952,1.00
4,14,6,187777241,1.00
4,14,6,188182217,1.00
4,14,6,1885213323,1.00
4,14,6,1889009164,1.00
4,14,6,1895574510,1.00
4,14,6,1899043159,1.00
4,14,6,1902015946,1.00
4,14,6,1907625094,1.00
4,14,6,1916801175,1.00
4,14,6,1917360399,1.00
4,14,6,192130758,1.00
4,14,6,1932788486,1.00
4,14,6,1933213280,1.00
4,14,6,1939319977,1.00
4,14,6,1939950528,1.00
4,14,6,194051483,1.00
4,14,6,1942212881,1.00
4,14,6,1947811934,1.00
4,14,6,1949141845,1.00
4,14,6,1949752537,1.00
4,14,6,1952492818,1.00
4,14,6,1960793863,1.00
4,14,6,1961985236,1.00
4,14,6,196883534,1.00
4,14,6,1974257828,1.00
4,14,6,1989433522,1.00
4,14,6,198985073,1.00
4,14,6,1992521164,1.00
4,14,6,1995361081,1.00
4,14,6,2002039584,1.00
4,14,6,2002967109,1.00
4,14,6,2004607681,1.00
4,14,6,2007065194,1.00
4,14,6,2007741374,1.00
4,14,6,2015982938,1.00
4,14,6,2017394604,1.00
4,14,6,2024826723,1.00
4,14,6,2029283447,1.00
4,14,6,2034255288,1.00
4,14,6,2035087367,1.00
4,14,6,2036453503,1.00
4,14,6,2037634830,1.00
4,14,6,2038123795,1.00
4,14,6,2038628892,1.00
4,14,6,2039346688,1.00
4,14,6,2041764593,1.00
4,14,6,2045059768,1.00
4,14,6,2046484407,1.00
4,14,6,2049145011,1.00
4,14,6,206113176,1.00
4,14,6,2061800220,1.00
4,14,6,2065015255,1.00
4,14,6,2067684473,1.00
4,14,6,2069271943,1.00
4,14,6,2077946953,1.00
4,14,6,2080265576,1.00
4,14,6,2082831703,1.00
4,14,6,2083238307,1.00
4,14,6,2085035353,1.00
4,14,6,2086039219,1.00
4,14,6,2086529840,1.00
4,14,6,2086737047,1.00
4,14,6,2096168927,1.00
4,14,6,2098693751,1.00
4,14,6,2106235350,1.00
4,14,6,2107994408,1.00
4,14,6,2108742852,1.00
4,14,6,2128708819,1.00
4,14,6,2135768399,1.00
4,14,6,2136899452,1.00
4,14,6,2144889691,1.00
4,14,6,221279324,1.00
4,14,6,221809543,1.00
4,14,6,222612607,1.00
4,14,6,230488203,1.00
4,14,6,233212781,1.00
4,14,6,236441134,1.00
4,14,6,239358311,1.00
4,14,6,244867215,1.00
4,14,6,246587340,1.00
4,14,6,252282763,1.00
4,14,6,260776113,1.00
4,14,6,261094871,1.00
4,14,6,264802918,1.00
4,14,6,273814358,1.00
4,14,6,274666090,1.00
4,14,6,277575923,1.00
4,14,6,28188791,1.00
4,14,6,283233294,1.00
4,14,6,286721487,1.00
4,14,6,297103292,1.00
4,14,6,297955630,1.00
4,14,6,30174827,1.00
4,14,6,303545634,1.00
4,14,6,307729942,1.00
4,14,6,311147673,1.00
4,14,6,312598465,1.00
4,14,6,313031295,1.00
4,14,6,314160468,1.00
4,14,6,32488997,1.00
4,14,6,328236423,1.00
4,14,6,331865518,1.00
4,14,6,336249265,1.00
4,14,6,342221297,1.00
4,14,6,343835765,1.00
4,14,6,356393314,1.00
4,14,6,364790990,1.00
4,14,6,381451271,1.00
4,14,6,394472627,1.00
4,14,6,397087346,1.00
4,14,6,401431594,1.00
4,14,6,401491656,1.00
4,14,6,402289837,1.00
4,14,6,405794107,1.00
4,14,6,409552791,1.00
4,14,6,419112220,1.00
4,14,6,420226879,1.00
4,14,6,424750066,1.00
4,14,6,43363386,1.00
4,14,6,436314012,1.00
4,14,6,439045155,1.00
4,14,6,440207457,1.00
4,14,6,447033582,1.00
4,14,6,448962150,1.00
4,14,6,452434626,1.00
4,14,6,458801650,1.00
4,14,6,461186184,1.00
4,14,6,470243363,1.00
4,14,6,471070484,1.00
4,14,6,473843568,1.00
4,14,6,47608301,1.00
4,14,6,47730374,1.00
4,14,6,478021520,1.00
4,14,6,478378614,1.00
4,14,6,490412523,1.00
4,14,6,500336898,1.00
4,14,6,504987111,1.00
4,14,6,506649428,1.00
4,14,6,506661827,1.00
4,14,6,506937030,1.00
4,14,6,515058483,1.00
4,14,6,521650074,1.00
4,14,6,526443333,1.00
4,14,6,529876539,1.00
4,14,6,5319876,1.00
4,14,6,535273283,1.00
4,14,6,539230429,1.00
4,14,6,5417901,1.00
4,14,6,545745112,1.00
4,14,6,547941667,1.00
4,14,6,548480236,1.00
4,14,6,551451010,1.00
4,14,6,557807564,1.00
4,14,6,564513264,1.00
4,14,6,564636883,1.00
4,14,6,565329147,1.00
4,14,6,5715131,1.00
4,14,6,577209992,1.00
4,14,6,586311262,1.00
4,14,6,593605335,1.00
4,14,6,595518965,1.00
4,14,6,597362297,1.00
4,14,6,613800017,1.00
4,14,6,615919827,1.00
4,14,6,619235455,1.00
4,14,6,627374187,1.00
4,14,6,627723039,1.00
4,14,6,629903390,1.00
4,14,6,641722085,1.00
4,14,6,643254289,1.00
4,14,6,648725835,1.00
4,14,6,649321411,1.00
4,14,6,655793188,1.00
4,14,6,657114909,1.00
4,14,6,666149701,1.00
4,14,6,67699527,1.00
4,14,6,679783435,1.00
4,14,6,688599284,1.00
4,14,6,691142122,1.00
4,14,6,692719423,1.00
4,14,6,703860519,1.00
4,14,6,705521889,1.00
4,14,6,706430264,1.00
4,14,6,707815960,1.00
4,14,6,712422779,1.00
4,14,6,718498973,1.00
4,14,6,721606891,1.00
4,14,6,723223115,1.00
4,14,6,724715418,1.00
4,14,6,728664588,1.00
4,14,6,731488300,1.00
4,14,6,731903682,1.00
4,14,6,734788411,1.00
4,14,6,736591581,1.00
4,14,6,740453437,1.00
4,14,6,740799749,1.00
4,14,6,747123241,1.00
4,14,6,74814473,1.00
4,14,6,754763176,1.00
4,14,6,755878378,1.00
4,14,6,758962071,1.00
4,14,6,767844545,1.00
4,14,6,776097940,1.00
4,14,6,778788125,1.00
4,14,6,78163118,1.00
4,14,6,790553270,1.00
4,14,6,793203460,1.00
4,14,6,794025995,1.00
4,14,6,798215887,1.00
4,14,6,809038289,1.00
4,14,6,809286900,1.00
4,14,6,814583549,1.00
4,14,6,817250411,1.00
4,14,6,824276443,1.00
4,14,6,825340236,1.00
4,14,6,827600044,1.00
4,14,6,832412898,1.00
4,14,6,833151074,1.00
4,14,6,835780481,1.00
4,14,6,835941860,1.00
4,14,6,841346615,1.00
4,14,6,844322945,1.00
4,14,6,845138093,1.00
4,14,6,846978502,1.00
4,14,6,856509006,1.00
4,14,6,863450962,1.00
4,14,6,865728431,1.00
4,14,6,871873572,1.00
4,14,6,877857502,1.00
4,14,6,891183175,1.00
4,14,6,892020317,1.00
4,14,6,894140219,1.00
4,14,6,903663138,1.00
4,14,6,905194178,1.00
4,14,6,905802240,1.00
4,14,6,90714626,1.00
4,14,6,910339017,1.00
4,14,6,911084078,1.00
4,14,6,912061309,1.00
4,14,6,912125910,1.00
4,14,6,914679241,1.00
4,14,6,922210751,1.00
4,14,6,925510460,1.00
4,14,6,935368107,1.00
4,14,6,945678968,1.00
4,14,6,957563748,1.00
4,14,6,958502859,1.00
4,14,6,960749533,1.00
4,14,6,961976840,1.00
4,14,6,962582410,1.00
4,14,6,965995409,1.00
4,14,6,967829829,1.00
4,14,6,969576693,1.00
4,14,6,972726851,1.00
4,14,6,974292004,1.00
4,14,6,975290396,1.00
4,14,6,980626627,1.00
4,14,6,981978741,1.00
4,14,6,991704740,1.00
4,14,6,992122299,1.00
4,14,6,992519834,1.00
4,14,6,995019962,1.00
4,14,6,995072274,1.00
4,14,6,999652965,1.00
4,14,6,1006939715,1.00
4,14,6,1010083023,1.00
4,14,6,1010553104,1.00
4,14,6,1011753935,1.00
4,14,6,1022593917,1.00
4,14,6,103198069,1.00
4,14,6,1033907135,1.00
4,14,6,1038118094,1.00
4,14,6,104377596,1.00
4,14,6,1047168334,1.00
4,14,6,1047325956,1.00
4,14,6,104904402,1.00
4,14,6,1052183699,1.00
4,14,6,1055480334,1.00
4,14,6,1060079017,1.00
4,14,6,1062957077,1.00
4,14,6,1067948058,1.00
4,14,6,1069347119,1.00
4,14,6,1073798582,1.00
4,14,6,1075619163,1.00
4,14,6,1078978783,1.00
4,14,6,1081733899,1.00
4,14,6,1090308983,1.00
4,14,6,1090344627,1.00
4,14,6,1090731741,1.00
4,14,6,109094063,1.00
4,14,6,1094681586,1.00
4,14,6,1096561460,1.00
4,14,6,1102684652,1.00
4,14,6,1103394040,1.00
4,14,6,1103407393,1.00
4,14,6,1110602704,1.00
4,14,6,1115636383,1.00
4,14,6,1116243522,1.00
4,14,6,1120371541,1.00
4,14,6,1130751299,1.00
4,14,6,1132516689,1.00
4,14,6,1144799078,1.00
4,14,6,1147661035,1.00
4,14,6,1148881742,1.00
4,14,6,1149250581,1.00
4,14,6,1153527550,1.00
4,14,6,1158368450,1.00
4,14,6,1161755813,1.00
4,14,6,1162635661,1.00
4,14,6,1166187230,1.00
4,14,6,1168774426,1.00
4,14,6,1176396218,1.00
4,14,6,119081991,1.00
4,14,6,1212296723,1.00
4,14,6,1233971214,1.00
4,14,6,123635493,1.00
4,14,6,1243408212,1.00
4,14,6,1243602036,1.00
4,14,6,1244914474,1.00
4,14,6,1253413119,1.00
4,14,6,1254314993,1.00
4,14,6,1266158674,1.00
4,14,6,1266164112,1.00
4,14,6,1267752805,1.00
4,14,6,1270782156,1.00
4,14,6,1272282662,1.00
4,14,6,1276917480,1.00
4,14,6,1278370064,1.00
4,14,6,1278412372,1.00
4,14,6,1284645356,1.00
4,14,6,1292342946,1.00
4,14,6,1295919654,1.00
4,14,6,1298429269,1.00
4,14,6,130054121,1.00
4,14,6,130067583,1.00
4,14,6,1310346694,1.00
4,14,6,1317552701,1.00
4,14,6,1318045753,1.00
4,14,6,1321526337,1.00
4,14,6,1322929016,1.00
4,14,6,1327074844,1.00
4,14,6,1328205970,1.00
4,14,6,1330223634,1.00
4,14,6,1330822405,1.00
4,14,6,1333480094,1.00
4,14,6,1339262005,1.00
4,14,6,1339560005,1.00
4,14,6,1342603548,1.00
4,14,6,1345297660,1.00
4,14,6,134551489,1.00
4,14,6,13463173,1.00
4,14,6,1359682486,1.00
4,14,6,1360259381,1.00
4,14,6,1361311330,1.00
4,14,6,1363412549,1.00
4,14,6,1364803718,1.00
4,14,6,1371003482,1.00
4,14,6,1371938517,1.00
4,14,6,1378296236,1.00
4,14,6,1380520082,1.00
4,14,6,1387441292,1.00
4,14,6,1395637518,1.00
4,14,6,1402002566,1.00
4,14,6,1402627939,1.00
4,14,6,1403133578,1.00
4,14,6,1404194612,1.00
4,14,6,1414043282,1.00
4,14,6,141583882,1.00
4,14,6,142636193,1.00
4,14,6,1426853779,1.00
4,14,6,1435115114,1.00
4,14,6,1439017201,1.00
4,14,6,1440892806,1.00
4,14,6,1443606241,1.00
4,14,6,1450478848,1.00
4,14,6,1454894133,1.00
4,14,6,1456150296,1.00
4,14,6,1458219185,1.00
4,14,6,1458576744,1.00
4,14,6,1459204136,1.00
4,14,6,1463152323,1.00
4,14,6,146500562,1.00
4,14,6,1469143262,1.00
4,14,6,147023281,1.00
4,14,6,1472922671,1.00
4,14,6,1473588603,1.00
4,14,6,1473953308,1.00
4,14,6,1475980763,1.00
4,14,6,1477513035,1.00
4,14,6,1479149962,1.00
4,14,6,1480005056,1.00
4,14,6,1480905233,1.00
4,14,6,1482885209,1.00
4,14,6,1482937101,1.00
4,14,6,1483573757,1.00
4,14,6,1484811137,1.00
4,14,6,1487692314,1.00
4,14,6,1487976910,1.00
4,14,6,1490773608,1.00
4,14,6,1491862231,1.00
4,14,6,1497888717,1.00
4,14,6,150323003,1.00
4,14,6,1508640487,1.00
4,14,6,150894011,1.00
4,14,6,1509179920,1.00
4,14,6,1513942121,1.00
4,14,6,1520982587,1.00
4,14,6,1528941866,1.00
4,14,6,1530450471,1.00
4,14,6,1531622517,1.00
4,14,6,1536772655,1.00
4,14,6,1541208417,1.00
4,14,6,154797139,1.00
4,14,6,1552167000,1.00
4,14,6,1554350255,1.00
4,14,6,1564315758,1.00
4,14,6,1570916693,1.00
4,14,6,1577556431,1.00
4,14,6,1584225668,1.00
4,14,6,1589897509,1.00
4,14,6,1591938590,1.00
4,14,6,1591992533,1.00
4,14,6,1593928955,1.00
4,14,6,1594183144,1.00
4,14,6,1604175895,1.00
4,14,6,1605773983,1.00
4,14,6,1606192260,1.00
4,14,6,1615082301,1.00
4,14,6,1615248878,1.00
4,14,6,1616373853,1.00
4,14,6,1624112040,1.00
4,14,6,1628613914,1.00
4,14,6,1629608399,1.00
4,14,6,1632696800,1.00
4,14,6,1637378209,1.00
4,14,6,1637576703,1.00
4,14,6,1640680222,1.00
4,14,6,1642455866,1.00
4,14,6,1657888709,1.00
4,14,6,1658209196,1.00
4,14,6,165894001,1.00
4,14,6,1661024012,1.00
4,14,6,1674794956,1.00
4,14,6,1680672856,1.00
4,14,6,1690034674,1.00
4,14,6,169240512,1.00
4,14,6,1692960358,1.00
4,14,6,169813073,1.00
4,14,6,1700441383,1.00
4,14,6,1708959,1.00
4,14,6,1710071505,1.00
4,14,6,1713126256,1.00
4,14,6,1715371921,1.00
4,14,6,1719516456,1.00
4,14,6,172228825,1.00
4,14,6,1723898404,1.00
4,14,6,172831595,1.00
4,14,6,1741888789,1.00
4,14,6,1742180812,1.00
4,14,6,1742735191,1.00
4,14,6,1780459804,1.00
4,14,6,1784038807,1.00
4,14,6,1784579932,1.00
4,14,6,178516523,1.00
4,14,6,1787344994,1.00
4,14,6,1788514586,1.00
4,14,6,1790444345,1.00
4,14,6,1791462147,1.00
4,14,6,1792636082,1.00
4,14,6,1793337504,1.00
4,14,6,1803928495,1.00
4,14,6,1813078484,1.00
4,14,6,1814079437,1.00
4,14,6,1815508141,1.00
4,14,6,1822023745,1.00
4,14,6,1826744715,1.00
4,14,6,1828924872,1.00
4,14,6,1832453717,1.00
4,14,6,1833800473,1.00
4,14,6,1839197295,1.00
4,14,6,1841264303,1.00
4,14,6,18478989,1.00
4,14,6,1849382406,1.00
4,14,6,1852268328,1.00
4,14,6,1854268539,1.00
4,14,6,1855738507,1.00
4,14,6,1857642057,1.00
4,14,6,1858024884,1.00
4,14,6,1858683655,1.00
4,14,6,1859101270,1.00
4,14,6,1860941756,1.00
4,14,6,1861568508,1.00
4,14,6,1869998698,1.00
4,14,6,1870501135,1.00
4,14,6,1871037621,1.00
4,14,6,1873770283,1.00
4,14,6,1879550384,1.00
4,14,6,1880285797,1.00
4,14,6,1882449304,1.00
4,14,6,1882646839,1.00
4,14,6,1883178778,1.00
4,14,6,1884096494,1.00
4,14,6,1886526166,1.00
4,14,6,1898131769,1.00
4,14,6,1902400513,1.00
4,14,6,190875513,1.00
4,14,6,1909862047,1.00
4,14,6,1910830590,1.00
4,14,6,1914682863,1.00
4,14,6,1917376732,1.00
4,14,6,1919295961,1.00
4,14,6,1922857723,1.00
4,14,6,192553989,1.00
4,14,6,1929879630,1.00
4,14,6,1932240234,1.00
4,14,6,1935057280,1.00
4,14,6,1943847797,1.00
4,14,6,194485814,1.00
4,14,6,1946440565,1.00
4,14,6,1946459658,1.00
4,14,6,1953905626,1.00
4,14,6,1954003400,1.00
4,14,6,1960756137,1.00
4,14,6,1963133174,1.00
4,14,6,198504277,1.00
4,14,6,1985080052,1.00
4,14,6,1985793845,1.00
4,14,6,1986278168,1.00
4,14,6,199263127,1.00
4,14,6,1994280005,1.00
4,14,6,1995809808,1.00
4,14,6,1996435229,1.00
4,14,6,2004977280,1.00
4,14,6,2006568180,1.00
4,14,6,2006777081,1.00
4,14,6,2010295737,1.00
4,14,6,2011681439,1.00
4,14,6,2013239106,1.00
4,14,6,201657978,1.00
4,14,6,2025114962,1.00
4,14,6,2025676979,1.00
4,14,6,202568268,1.00
4,14,6,2029972228,1.00
4,14,6,2031342460,1.00
4,14,6,2031424369,1.00
4,14,6,2031843969,1.00
4,14,6,2035845400,1.00
4,14,6,2037107818,1.00
4,14,6,2039555838,1.00
4,14,6,205284196,1.00
4,14,6,2053013595,1.00
4,14,6,2059933909,1.00
4,14,6,2061663106,1.00
4,14,6,2063325593,1.00
4,14,6,2072988901,1.00
4,14,6,2079393570,1.00
4,14,6,2079404673,1.00
4,14,6,2086689249,1.00
4,14,6,2086828271,1.00
4,14,6,2087325367,1.00
4,14,6,2087328724,1.00
4,14,6,2088857353,1.00
4,14,6,2092373926,1.00
4,14,6,2097542495,1.00
4,14,6,2102287753,1.00
4,14,6,2106282283,1.00
4,14,6,2106804712,1.00
4,14,6,2111581107,1.00
4,14,6,2113093625,1.00
4,14,6,2118896778,1.00
4,14,6,2135127302,1.00
4,14,6,2138390990,1.00
4,14,6,2140127131,1.00
4,14,6,2140394004,1.00
4,14,6,2140730011,1.00
4,14,6,2146634971,1.00
4,14,6,221170015,1.00
4,14,6,223099509,1.00
4,14,6,226610770,1.00
4,14,6,230255075,1.00
4,14,6,235793704,1.00
4,14,6,23749610,1.00
4,14,6,248277560,1.00
4,14,6,249450071,1.00
4,14,6,249822647,1.00
4,14,6,255866686,1.00
4,14,6,256141089,1.00
4,14,6,262869804,1.00
4,14,6,267310270,1.00
4,14,6,271120468,1.00
4,14,6,273511501,1.00
4,14,6,274989165,1.00
4,14,6,277214814,1.00
4,14,6,278109906,1.00
4,14,6,279604959,1.00
4,14,6,291052111,1.00
4,14,6,294403633,1.00
4,14,6,302081961,1.00
4,14,6,307687353,1.00
4,14,6,316592637,1.00
4,14,6,317383846,1.00
4,14,6,31746581,1.00
4,14,6,318520405,1.00
4,14,6,319842329,1.00
4,14,6,320431678,1.00
4,14,6,320698939,1.00
4,14,6,323334855,1.00
4,14,6,324595071,1.00
4,14,6,325500859,1.00
4,14,6,325722680,1.00
4,14,6,326013188,1.00
4,14,6,330571025,1.00
4,14,6,335559173,1.00
4,14,6,337325127,1.00
4,14,6,337937197,1.00
4,14,6,338185811,1.00
4,14,6,340414747,1.00
4,14,6,348559942,1.00
4,14,6,34920083,1.00
4,14,6,355852705,1.00
4,14,6,360212277,1.00
4,14,6,361795589,1.00
4,14,6,361966191,1.00
4,14,6,363790831,1.00
4,14,6,369183085,1.00
4,14,6,375424698,1.00
4,14,6,375648708,1.00
4,14,6,375706589,1.00
4,14,6,381272171,1.00
4,14,6,381894989,1.00
4,14,6,386609267,1.00
4,14,6,386865374,1.00
4,14,6,393806989,1.00
4,14,6,395930211,1.00
4,14,6,399231864,1.00
4,14,6,402701376,1.00
4,14,6,40535979,1.00
4,14,6,408328885,1.00
4,14,6,411164570,1.00
4,14,6,418796375,1.00
4,14,6,421044184,1.00
4,14,6,422042103,1.00
4,14,6,424130202,1.00
4,14,6,429645039,1.00
4,14,6,429953905,1.00
4,14,6,436697162,1.00
4,14,6,438662221,1.00
4,14,6,438822440,1.00
4,14,6,451016516,1.00
4,14,6,451718987,1.00
4,14,6,454333359,1.00
4,14,6,458928878,1.00
4,14,6,463363028,1.00
4,14,6,467313873,1.00
4,14,6,470571601,1.00
4,14,6,476376030,1.00
4,14,6,482106375,1.00
4,14,6,482321676,1.00
4,14,6,484718233,1.00
4,14,6,487968193,1.00
4,14,6,49347907,1.00
4,14,6,495108437,1.00
4,14,6,497738272,1.00
4,14,6,497843221,1.00
4,14,6,49973773,1.00
4,14,6,503023364,1.00
4,14,6,503430309,1.00
4,14,6,504159211,1.00
4,14,6,504631636,1.00
4,14,6,506522901,1.00
4,14,6,514308150,1.00
4,14,6,519811584,1.00
4,14,6,521822350,1.00
4,14,6,523689683,1.00
4,14,6,525690972,1.00
4,14,6,529476946,1.00
4,14,6,533139346,1.00
4,14,6,535057694,1.00
4,14,6,549401168,1.00
4,14,6,550689593,1.00
4,14,6,555531748,1.00
4,14,6,560180640,1.00
4,14,6,565815291,1.00
4,14,6,56702987,1.00
4,14,6,56917789,1.00
4,14,6,575665825,1.00
4,14,6,575868291,1.00
4,14,6,579908407,1.00
4,14,6,583526017,1.00
4,14,6,589447584,1.00
4,14,6,59205519,1.00
4,14,6,59753275,1.00
4,14,6,609944417,1.00
4,14,6,623647123,1.00
4,14,6,624130975,1.00
4,14,6,624674065,1.00
4,14,6,631970686,1.00
4,14,6,640807805,1.00
4,14,6,651037204,1.00
4,14,6,652776130,1.00
4,14,6,663731105,1.00
4,14,6,664283477,1.00
4,14,6,667665249,1.00
4,14,6,671002819,1.00
4,14,6,672539232,1.00
4,14,6,673641400,1.00
4,14,6,673992636,1.00
4,14,6,68368910,1.00
4,14,6,687785302,1.00
4,14,6,697428564,1.00
4,14,6,713060684,1.00
4,14,6,714422870,1.00
4,14,6,71494083,1.00
4,14,6,719119042,1.00
4,14,6,721210440,1.00
4,14,6,724108399,1.00
4,14,6,730061585,1.00
4,14,6,734668936,1.00
4,14,6,743987566,1.00
4,14,6,745794680,1.00
4,14,6,749546084,1.00
4,14,6,75518533,1.00
4,14,6,756337950,1.00
4,14,6,760715634,1.00
4,14,6,764791468,1.00
4,14,6,765890563,1.00
4,14,6,769831705,1.00
4,14,6,776271177,1.00
4,14,6,783411182,1.00
4,14,6,785982384,1.00
4,14,6,788200446,1.00
4,14,6,791695501,1.00
4,14,6,794911089,1.00
4,14,6,794913553,1.00
4,14,6,811843655,1.00
4,14,6,820131651,1.00
4,14,6,826622491,1.00
4,14,6,827257678,1.00
4,14,6,833855749,1.00
4,14,6,834363411,1.00
4,14,6,83972624,1.00
4,14,6,839908953,1.00
4,14,6,840436754,1.00
4,14,6,842409536,1.00
4,14,6,844028744,1.00
4,14,6,846232046,1.00
4,14,6,852662929,1.00
4,14,6,852865567,1.00
4,14,6,85441244,1.00
4,14,6,85528280,1.00
4,14,6,864593449,1.00
4,14,6,870830841,1.00
4,14,6,870978886,1.00
4,14,6,871796178,1.00
4,14,6,875313486,1.00
4,14,6,880393939,1.00
4,14,6,884064738,1.00
4,14,6,887792969,1.00
4,14,6,893990897,1.00
4,14,6,901875583,1.00
4,14,6,904630476,1.00
4,14,6,907353174,1.00
4,14,6,913025074,1.00
4,14,6,918359194,1.00
4,14,6,921812236,1.00
4,14,6,925560920,1.00
4,14,6,92663199,1.00
4,14,6,928960918,1.00
4,14,6,938341116,1.00
4,14,6,93845599,1.00
4,14,6,957741140,1.00
4,14,6,958272510,1.00
4,14,6,959620261,1.00
4,14,6,963690295,1.00
4,14,6,968862558,1.00
4,14,6,969256511,1.00
4,14,6,97522462,1.00
4,14,6,978362666,1.00
4,14,6,978684884,1.00
4,14,6,982858083,1.00
